Benchmarks	sim_seconds	system.cpu.cpi	system.cpu.dcache.overall_miss_rate::total	system.cpu.icache.overall_miss_rate::total	system.l2.overall_miss_rate::total


specbzip_1	0.168500	1.684997	0.017820	0.000077	0.326983
specbzip_2	0.171925	1.719245	0.021676	0.000072	0.266583
specbzip_3	0.171944	1.719439	0.021675	0.000084	0.266600
specbzip_4	0.173792	1.737925	0.017806	0.000077	0.424388
specbzip_5	0.164249	1.642495	0.017821	0.000077	0.238176
spechmmer_1	0.118877	1.188768	0.002353	0.000221	0.054355
spechmmer_2	0.119081	1.190813	0.002661	0.000087	0.048894
spechmmer_3	0.119172	1.191716	0.002661	0.000585	0.045956
spechmmer_4	0.118930	1.189300	0.002358	0.000222	0.064771
spechmmer_5	0.118876	1.188762	0.002353	0.000221	0.054059
speclibm_1	0.262498	2.624978	0.060972	0.000094	0.999942
speclibm_2	0.263126	2.631263	0.060972	0.000088	0.999959
speclibm_3	0.262488	2.624883	0.060972	0.000113	0.999858
speclibm_4	0.262529	2.625290	0.060972	0.000094	0.999942
speclibm_5	0.262319	2.623187	0.060972	0.000094	0.999942
specmcf_1	0.128751	1.287506	0.002493	0.023626	0.063724
specmcf_2	0.119056	1.190561	0.008329	0.000018	0.174927
specmcf_3	0.143351	1.433507	0.008332	0.042807	0.031770
specmcf_4	0.129013	1.290132	0.002493	0.023626	0.067543
specmcf_5	0.128163	1.281627	0.002493	0.023626	0.054518
specsjeng_1	0.704126	7.041256	0.121833	0.000020	0.999950
specsjeng_2	0.704128	7.041281	0.121835	0.000019	0.999917
specsjeng_3	0.704128	7.041280	0.121835	0.000023	0.999899
specsjeng_4	0.704143	7.041429	0.121833	0.000020	0.999951
specsjeng_5	0.704009	7.040087	0.121833	0.000020	0.999948
